I
800	# Converted by FS2XPlane 3.11
OBJ

# object 0ae6916740a9b92205a1c8b7cbb62372 in file Restgrun3.BGL

TEXTURE	Rest_Tisch4.dds
TEXTURE_LIT	Rest_Tisch4_LIT.dds
POINT_COUNTS	200 0 0 300

VT	 -46.972   13.884  -10.116	-0.609  0.000  0.793	0.4318 0.5296
VT	 -46.972   13.884  -10.116	 0.793  0.000  0.609	0.0443 0.5296
VT	 -46.972   14.632  -10.116	-0.609  0.000  0.793	0.4318 0.9213
VT	 -46.972   14.632  -10.116	 0.793  0.000  0.609	0.0447 0.9213
VT	 -46.972   14.632  -10.116	 0.000  1.000  0.000	0.0563 0.0850
VT	 -47.764   13.884  -10.728	-0.609  0.000  0.793	0.0443 0.5296
VT	 -47.764   13.884  -10.728	-0.793  0.000 -0.609	0.4318 0.5296
VT	 -47.764   14.632  -10.728	-0.609  0.000  0.793	0.0447 0.9213
VT	 -47.764   14.632  -10.728	 0.000  1.000  0.000	0.0561 0.4736
VT	 -47.764   14.632  -10.728	-0.793  0.000 -0.609	0.4318 0.9213
VT	 -44.680   13.884   -9.256	-0.391  0.000  0.921	0.0443 0.5296
VT	 -44.680   13.884   -9.256	-0.921  0.000 -0.391	0.4318 0.5296
VT	 -44.680   14.632   -9.256	-0.391  0.000  0.921	0.0447 0.9213
VT	 -44.680   14.632   -9.256	-0.921  0.000 -0.391	0.4318 0.9213
VT	 -44.680   14.632   -9.256	 0.000  1.000  0.000	0.0561 0.4736
VT	 -43.760   13.884   -8.868	-0.391  0.000  0.921	0.4318 0.5296
VT	 -43.760   13.884   -8.868	 0.921  0.000  0.391	0.0443 0.5296
VT	 -43.760   14.632   -8.868	-0.391  0.000  0.921	0.4318 0.9213
VT	 -43.760   14.632   -8.868	 0.000  1.000  0.000	0.0563 0.0850
VT	 -43.760   14.632   -8.868	 0.921  0.000  0.391	0.0447 0.9213
VT	 -45.876   13.884  -11.544	 0.793  0.000  0.609	0.4318 0.5296
VT	 -45.876   13.884  -11.544	 0.609  0.000 -0.793	0.6035 0.5433
VT	 -45.876   14.632  -11.544	 0.793  0.000  0.609	0.4318 0.9213
VT	 -45.876   14.632  -11.544	 0.000  1.000  0.000	0.4158 0.0850
VT	 -45.876   14.632  -11.544	 0.609  0.000 -0.793	0.6034 0.9273
VT	 -46.672   13.884  -12.156	-0.793  0.000 -0.609	0.0443 0.5296
VT	 -46.672   13.884  -12.156	 0.609  0.000 -0.793	0.8025 0.5435
VT	 -46.672   14.632  -12.156	 0.000  1.000  0.000	0.4161 0.4736
VT	 -46.672   14.632  -12.156	-0.793  0.000 -0.609	0.0447 0.9213
VT	 -46.672   14.632  -12.156	 0.609  0.000 -0.793	0.8021 0.9269
VT	 -41.168   13.884   -8.436	-0.052  0.000  0.999	0.0443 0.5296
VT	 -41.168   13.884   -8.436	-0.999  0.000 -0.052	0.4318 0.5296
VT	 -41.168   14.632   -8.436	-0.052  0.000  0.999	0.0447 0.9213
VT	 -41.168   14.632   -8.436	-0.999  0.000 -0.052	0.4318 0.9213
VT	 -41.168   14.632   -8.436	 0.000  1.000  0.000	0.0561 0.4736
VT	 -43.976   13.884  -10.916	-0.921  0.000 -0.391	0.0443 0.5296
VT	 -43.976   13.884  -10.916	 0.391  0.000 -0.921	0.8025 0.5435
VT	 -43.976   14.632  -10.916	-0.921  0.000 -0.391	0.0447 0.9213
VT	 -43.976   14.632  -10.916	 0.000  1.000  0.000	0.4161 0.4736
VT	 -43.976   14.632  -10.916	 0.391  0.000 -0.921	0.8021 0.9269
VT	 -43.056   13.884  -10.524	 0.921  0.000  0.391	0.4318 0.5296
VT	 -43.056   13.884  -10.524	 0.391  0.000 -0.921	0.6035 0.5433
VT	 -43.056   14.632  -10.524	 0.000  1.000  0.000	0.4158 0.0850
VT	 -43.056   14.632  -10.524	 0.921  0.000  0.391	0.4318 0.9213
VT	 -43.056   14.632  -10.524	 0.391  0.000 -0.921	0.6034 0.9273
VT	 -40.172   13.884   -8.384	-0.052  0.000  0.999	0.4318 0.5296
VT	 -40.172   13.884   -8.384	 0.999  0.000  0.052	0.0443 0.5296
VT	 -40.172   14.632   -8.384	-0.052  0.000  0.999	0.4318 0.9213
VT	 -40.172   14.632   -8.384	 0.000  1.000  0.000	0.0563 0.0850
VT	 -40.172   14.632   -8.384	 0.999  0.000  0.052	0.0447 0.9213
VT	 -45.588   13.864  -13.584	-0.566  0.000  0.824	0.6011 0.5390
VT	 -45.588   13.864  -13.584	-0.824  0.000 -0.566	0.5121 0.5459
VT	 -45.588   14.616  -13.584	-0.566  0.000  0.824	0.6012 0.9277
VT	 -45.588   14.616  -13.584	-0.824  0.000 -0.566	0.5121 0.9227
VT	 -45.588   14.616  -13.584	 0.000  1.000  0.000	0.0562 0.4765
VT	 -44.764   13.864  -13.020	-0.566  0.000  0.824	0.8026 0.5393
VT	 -44.764   13.864  -13.020	 0.824  0.000  0.566	0.0447 0.5266
VT	 -44.764   14.616  -13.020	-0.566  0.000  0.824	0.8026 0.9282
VT	 -44.764   14.616  -13.020	 0.000  1.000  0.000	0.0560 0.0818
VT	 -44.764   14.616  -13.020	 0.824  0.000  0.566	0.0447 0.9227
VT	 -41.076   13.884  -10.232	-0.999  0.000 -0.052	0.0443 0.5296
VT	 -41.076   13.884  -10.232	 0.052  0.000 -0.999	0.8025 0.5435
VT	 -41.076   14.632  -10.232	-0.999  0.000 -0.052	0.0447 0.9213
VT	 -41.076   14.632  -10.232	 0.000  1.000  0.000	0.4161 0.4736
VT	 -41.076   14.632  -10.232	 0.052  0.000 -0.999	0.8021 0.9269
VT	 -43.072   13.864  -12.396	-0.292  0.000  0.956	0.6011 0.5390
VT	 -43.072   13.864  -12.396	-0.956  0.000 -0.292	0.5121 0.5459
VT	 -43.072   14.616  -12.396	-0.292  0.000  0.956	0.6012 0.9277
VT	 -43.072   14.616  -12.396	-0.956  0.000 -0.292	0.5121 0.9227
VT	 -43.072   14.616  -12.396	 0.000  1.000  0.000	0.0562 0.4765
VT	 -40.076   13.884  -10.180	 0.999  0.000  0.052	0.4318 0.5296
VT	 -40.076   13.884  -10.180	 0.052  0.000 -0.999	0.6035 0.5433
VT	 -40.076   14.632  -10.180	 0.000  1.000  0.000	0.4158 0.0850
VT	 -40.076   14.632  -10.180	 0.999  0.000  0.052	0.4318 0.9213
VT	 -40.076   14.632  -10.180	 0.052  0.000 -0.999	0.6034 0.9273
VT	 -42.116   13.864  -12.104	-0.292  0.000  0.956	0.8026 0.5393
VT	 -42.116   13.864  -12.104	 0.956  0.000  0.292	0.0447 0.5266
VT	 -42.116   14.616  -12.104	-0.292  0.000  0.956	0.8026 0.9282
VT	 -42.116   14.616  -12.104	 0.000  1.000  0.000	0.0560 0.0818
VT	 -42.116   14.616  -12.104	 0.956  0.000  0.292	0.0447 0.9227
VT	 -37.720   13.884   -8.884	-0.970  0.000  0.242	0.4318 0.5296
VT	 -37.720   13.884   -8.884	 0.242  0.000  0.970	0.0443 0.5296
VT	 -37.720   14.632   -8.884	-0.970  0.000  0.242	0.4318 0.9213
VT	 -37.720   14.632   -8.884	 0.242  0.000  0.970	0.0447 0.9213
VT	 -37.720   14.632   -8.884	 0.000  1.000  0.000	0.0561 0.4736
VT	 -36.748   13.884   -9.128	 0.242  0.000  0.970	0.4318 0.5296
VT	 -36.748   13.884   -9.128	 0.970  0.000 -0.242	0.0443 0.5296
VT	 -36.748   14.632   -9.128	 0.242  0.000  0.970	0.4318 0.9213
VT	 -36.748   14.632   -9.128	 0.000  1.000  0.000	0.0563 0.0850
VT	 -36.748   14.632   -9.128	 0.970  0.000 -0.242	0.0447 0.9213
VT	 -40.120   13.864  -11.912	 0.026  0.000  1.000	0.6011 0.5390
VT	 -40.120   13.864  -11.912	-1.000  0.000  0.026	0.5121 0.5459
VT	 -40.120   14.616  -11.912	 0.026  0.000  1.000	0.6012 0.9277
VT	 -40.120   14.616  -11.912	-1.000  0.000  0.026	0.5121 0.9227
VT	 -40.120   14.616  -11.912	 0.000  1.000  0.000	0.0562 0.4765
VT	 -38.152   13.884  -10.632	-0.970  0.000  0.242	0.0443 0.5296
VT	 -38.152   13.884  -10.632	-0.242  0.000 -0.970	0.8025 0.5435
VT	 -38.152   14.632  -10.632	-0.970  0.000  0.242	0.0447 0.9213
VT	 -38.152   14.632  -10.632	 0.000  1.000  0.000	0.4161 0.4736
VT	 -38.152   14.632  -10.632	-0.242  0.000 -0.970	0.8021 0.9269
VT	 -44.344   13.864  -15.396	-0.824  0.000 -0.566	0.0459 0.5459
VT	 -44.344   13.864  -15.396	 0.566  0.000 -0.824	0.8021 0.5375
VT	 -44.344   14.616  -15.396	-0.824  0.000 -0.566	0.0459 0.9203
VT	 -44.344   14.616  -15.396	 0.000  1.000  0.000	0.5239 0.4761
VT	 -44.344   14.616  -15.396	 0.566  0.000 -0.824	0.8020 0.9300
VT	 -43.520   13.864  -14.832	 0.824  0.000  0.566	0.5145 0.5266
VT	 -43.520   13.864  -14.832	 0.566  0.000 -0.824	0.6020 0.5371
VT	 -43.520   14.616  -14.832	 0.000  1.000  0.000	0.5242 0.0818
VT	 -43.520   14.616  -14.832	 0.824  0.000  0.566	0.5157 0.9203
VT	 -43.520   14.616  -14.832	 0.566  0.000 -0.824	0.6025 0.9297
VT	 -39.120   13.864  -11.940	 0.026  0.000  1.000	0.8026 0.5393
VT	 -39.120   13.864  -11.940	 1.000  0.000 -0.026	0.0447 0.5266
VT	 -39.120   14.616  -11.940	 0.026  0.000  1.000	0.8026 0.9282
VT	 -39.120   14.616  -11.940	 0.000  1.000  0.000	0.0560 0.0818
VT	 -39.120   14.616  -11.940	 1.000  0.000 -0.026	0.0447 0.9227
VT	 -42.432   13.864  -14.500	-0.956  0.000 -0.292	0.0459 0.5459
VT	 -42.432   13.864  -14.500	 0.292  0.000 -0.956	0.8021 0.5375
VT	 -42.432   14.616  -14.500	-0.956  0.000 -0.292	0.0459 0.9203
VT	 -42.432   14.616  -14.500	 0.000  1.000  0.000	0.5239 0.4761
VT	 -42.432   14.616  -14.500	 0.292  0.000 -0.956	0.8020 0.9300
VT	 -37.184   13.884  -10.872	-0.242  0.000 -0.970	0.6035 0.5433
VT	 -37.184   13.884  -10.872	 0.970  0.000 -0.242	0.4318 0.5296
VT	 -37.184   14.632  -10.872	 0.000  1.000  0.000	0.4158 0.0850
VT	 -37.184   14.632  -10.872	-0.242  0.000 -0.970	0.6034 0.9273
VT	 -37.184   14.632  -10.872	 0.970  0.000 -0.242	0.4318 0.9213
VT	 -41.472   13.864  -14.208	 0.956  0.000  0.292	0.5145 0.5266
VT	 -41.472   13.864  -14.208	 0.292  0.000 -0.956	0.6020 0.5371
VT	 -41.472   14.616  -14.208	 0.000  1.000  0.000	0.5242 0.0818
VT	 -41.472   14.616  -14.208	 0.956  0.000  0.292	0.5157 0.9203
VT	 -41.472   14.616  -14.208	 0.292  0.000 -0.956	0.6025 0.9297
VT	 -40.180   13.864  -14.112	-1.000  0.000  0.026	0.0459 0.5459
VT	 -40.180   13.864  -14.112	-0.026  0.000 -1.000	0.8021 0.5375
VT	 -40.180   14.616  -14.112	-1.000  0.000  0.026	0.0459 0.9203
VT	 -40.180   14.616  -14.112	 0.000  1.000  0.000	0.5239 0.4761
VT	 -40.180   14.616  -14.112	-0.026  0.000 -1.000	0.8020 0.9300
VT	 -34.612   13.884   -9.936	-0.839  0.000  0.545	0.4318 0.5296
VT	 -34.612   13.884   -9.936	 0.545  0.000  0.839	0.0443 0.5296
VT	 -34.612   14.632   -9.936	-0.839  0.000  0.545	0.4318 0.9213
VT	 -34.612   14.632   -9.936	 0.545  0.000  0.839	0.0447 0.9213
VT	 -34.612   14.632   -9.936	 0.000  1.000  0.000	0.0561 0.4736
VT	 -39.180   13.864  -14.136	 1.000  0.000 -0.026	0.5145 0.5266
VT	 -39.180   13.864  -14.136	-0.026  0.000 -1.000	0.6020 0.5371
VT	 -39.180   14.616  -14.136	 0.000  1.000  0.000	0.5242 0.0818
VT	 -39.180   14.616  -14.136	 1.000  0.000 -0.026	0.5157 0.9203
VT	 -39.180   14.616  -14.136	-0.026  0.000 -1.000	0.6025 0.9297
VT	 -35.592   13.884  -11.448	-0.839  0.000  0.545	0.0443 0.5296
VT	 -35.592   13.884  -11.448	-0.545  0.000 -0.839	0.8025 0.5435
VT	 -35.592   14.632  -11.448	-0.839  0.000  0.545	0.0447 0.9213
VT	 -35.592   14.632  -11.448	 0.000  1.000  0.000	0.4161 0.4736
VT	 -35.592   14.632  -11.448	-0.545  0.000 -0.839	0.8021 0.9269
VT	 -36.912   13.864  -12.624	-0.866  0.000  0.500	0.5121 0.5459
VT	 -36.912   13.864  -12.624	 0.500  0.000  0.866	0.6011 0.5390
VT	 -36.912   14.616  -12.624	-0.866  0.000  0.500	0.5121 0.9227
VT	 -36.912   14.616  -12.624	 0.500  0.000  0.866	0.6012 0.9277
VT	 -36.912   14.616  -12.624	 0.000  1.000  0.000	0.0562 0.4765
VT	 -33.772   13.884  -10.480	 0.545  0.000  0.839	0.4318 0.5296
VT	 -33.772   13.884  -10.480	 0.839  0.000 -0.545	0.0443 0.5296
VT	 -33.772   14.632  -10.480	 0.545  0.000  0.839	0.4318 0.9213
VT	 -33.772   14.632  -10.480	 0.000  1.000  0.000	0.0563 0.0850
VT	 -33.772   14.632  -10.480	 0.839  0.000 -0.545	0.0447 0.9213
VT	 -34.752   13.884  -11.992	-0.545  0.000 -0.839	0.6035 0.5433
VT	 -34.752   13.884  -11.992	 0.839  0.000 -0.545	0.4318 0.5296
VT	 -34.752   14.632  -11.992	 0.000  1.000  0.000	0.4158 0.0850
VT	 -34.752   14.632  -11.992	-0.545  0.000 -0.839	0.6034 0.9273
VT	 -34.752   14.632  -11.992	 0.839  0.000 -0.545	0.4318 0.9213
VT	 -38.012   13.864  -14.532	-0.866  0.000  0.500	0.0459 0.5459
VT	 -38.012   13.864  -14.532	-0.500  0.000 -0.866	0.8021 0.5375
VT	 -38.012   14.616  -14.532	-0.866  0.000  0.500	0.0459 0.9203
VT	 -38.012   14.616  -14.532	 0.000  1.000  0.000	0.5239 0.4761
VT	 -38.012   14.616  -14.532	-0.500  0.000 -0.866	0.8020 0.9300
VT	 -36.044   13.864  -13.124	 0.500  0.000  0.866	0.8026 0.5393
VT	 -36.044   13.864  -13.124	 0.866  0.000 -0.500	0.0447 0.5266
VT	 -36.044   14.616  -13.124	 0.500  0.000  0.866	0.8026 0.9282
VT	 -36.044   14.616  -13.124	 0.000  1.000  0.000	0.0560 0.0818
VT	 -36.044   14.616  -13.124	 0.866  0.000 -0.500	0.0447 0.9227
VT	 -37.144   13.864  -15.032	-0.500  0.000 -0.866	0.6020 0.5371
VT	 -37.144   13.864  -15.032	 0.866  0.000 -0.500	0.5145 0.5266
VT	 -37.144   14.616  -15.032	 0.000  1.000  0.000	0.5242 0.0818
VT	 -37.144   14.616  -15.032	-0.500  0.000 -0.866	0.6025 0.9297
VT	 -37.144   14.616  -15.032	 0.866  0.000 -0.500	0.5157 0.9203
VT	 -32.120   13.884  -11.724	-0.663  0.000  0.749	0.4318 0.5296
VT	 -32.120   13.884  -11.724	 0.749  0.000  0.663	0.0443 0.5296
VT	 -32.120   14.632  -11.724	-0.663  0.000  0.749	0.4318 0.9213
VT	 -32.120   14.632  -11.724	 0.749  0.000  0.663	0.0447 0.9213
VT	 -32.120   14.632  -11.724	 0.000  1.000  0.000	0.0561 0.4736
VT	 -33.468   13.884  -12.916	-0.663  0.000  0.749	0.0443 0.5296
VT	 -33.468   13.884  -12.916	-0.749  0.000 -0.663	0.8025 0.5435
VT	 -33.468   14.632  -12.916	-0.663  0.000  0.749	0.0447 0.9213
VT	 -33.468   14.632  -12.916	 0.000  1.000  0.000	0.4161 0.4736
VT	 -33.468   14.632  -12.916	-0.749  0.000 -0.663	0.8021 0.9269
VT	 -31.460   13.884  -12.472	 0.749  0.000  0.663	0.4318 0.5296
VT	 -31.460   13.884  -12.472	 0.663  0.000 -0.749	0.0443 0.5296
VT	 -31.460   14.632  -12.472	 0.749  0.000  0.663	0.4318 0.9213
VT	 -31.460   14.632  -12.472	 0.000  1.000  0.000	0.0563 0.0850
VT	 -31.460   14.632  -12.472	 0.663  0.000 -0.749	0.0447 0.9213
VT	 -32.808   13.884  -13.664	-0.749  0.000 -0.663	0.6035 0.5433
VT	 -32.808   13.884  -13.664	 0.663  0.000 -0.749	0.4318 0.5296
VT	 -32.808   14.632  -13.664	 0.000  1.000  0.000	0.4158 0.0850
VT	 -32.808   14.632  -13.664	-0.749  0.000 -0.663	0.6034 0.9273
VT	 -32.808   14.632  -13.664	 0.663  0.000 -0.749	0.4318 0.9213

IDX10	151 153 172 172 170 151 165 167 152 152
IDX10	150 165 175 178 169 169 166 175 171 174
IDX10	179 179 176 171 173 154 168 168 177 173
IDX10	90 92 112 112 110 90 130 132 93 93
IDX10	91 130 141 144 134 134 131 141 111 114
IDX10	143 143 140 111 113 94 133 133 142 113
IDX10	65 67 77 77 75 65 115 117 68 68
IDX10	66 115 126 129 119 119 116 126 76 79
IDX10	128 128 125 76 78 69 118 118 127 78
IDX10	50 52 57 57 55 50 100 102 53 53
IDX10	51 100 106 109 104 104 101 106 56 59
IDX10	108 108 105 56 58 54 103 103 107 58
IDX10	181 183 192 192 190 181 185 187 182 182
IDX10	180 185 195 198 189 189 186 195 191 194
IDX10	199 199 196 191 193 184 188 188 197 193
IDX10	136 138 157 157 155 136 145 147 137 137
IDX10	135 145 160 163 149 149 146 160 156 159
IDX10	164 164 161 156 158 139 148 148 162 158
IDX10	81 83 87 87 85 81 95 97 82 82
IDX10	80 95 120 123 99 99 96 120 86 89
IDX10	124 124 121 86 88 84 98 98 122 88
IDX10	30 32 47 47 45 30 60 62 33 33
IDX10	31 60 71 74 64 64 61 71 46 49
IDX10	73 73 70 46 48 34 63 63 72 48
IDX10	10 12 17 17 15 10 35 37 13 13
IDX10	11 35 41 44 39 39 36 41 16 19
IDX10	43 43 40 16 18 14 38 38 42 18
IDX10	5 7 2 2 0 5 25 28 9 9
IDX10	6 25 21 24 29 29 26 21 1 3
IDX10	22 22 20 1 4 8 27 27 23 4

ATTR_no_blend

TRIS	0 300
